%YAML:1.0
---
image_width: 1280
image_height: 720
camera_matrix: !!opencv-matrix
  rows: 3
  cols: 3
  dt: f
  data: [1266.78359602357, 0, 608.4607470200075, 0, 1267.334024187105, 374.6054937400205, 0, 0, 1]
distortion_coefficients: !!opencv-matrix
  rows: 1
  cols: 5
  dt: f
  data: [0.06107748316798726, -0.2708303958945525, 0.002115970398267557, -0.008895203586217777, 0]